System
2020-02-12 00:00:55.631968

Capteur1
[37.77782751068131, 27.6445107804558, 35.991444478751305, 11.981011040456382, 14.315792006142855, 34.0, 68.91164291405445, 38.63842144490932, 49.409556157327536, 61.821025963375035, 19.328343427375046, 10.946354879643506, 32.79240001856771, 33.614218767069296, 57.99302217862996, 73.04748446249393, 32.920936609061975, 29.70081602914327, 55.38707350153345, 22.874041529544904, 41.42659643224773, 42.60485175744694, 3.236600126057405, 31.403670350224544, 35.0, 24.76744802171396, 11.81815416362231, 35.01106979414483, 39.11396834658408, 53.32145774779093, 32.229220667660776, 20.669176369677622, 19.720599573668686, 60.4481003230759, 51.506345737932364, 59.26432571630623, 69.99345054028663, 29.21667280488423, 26.989327402289746, 71.00530958636844, 50.661271780206576, 41.810634583745625, 71.21016269191506, 27.120049585659842, 34.0, 55.1190530919354, 41.88926710984687, 58.60201583014607, 57.45565923053466, 31.477909965363768, 78.53159426714484, 37.839780911989436, 41.645092122355706, 24.04768219120286, 12.832205486900929, 61.089678802697826, 3.639796654400385, 27.893451803753052, 63.596846572908305, 48.450486193283744, 47.17270764256432, 7.621484122243654, 63.796432406537825, 84.96072775808032, 40.92859024694068, 24.681049629540063, 85.71964924737144, 58.78738162460162, 63.64682166508537, 53.6969412015509, 4.562413344976361, 54.18297009712492, 26.269307948051747, 25.314851029866823, 46.45224173981052, 1.5333354634435947, 47.64361319915246, 90.70358117493706, 64.58700829842005, 17.23979132027496, 3.375045696213573, 44.187588820456966, 20.978989778064147, 74.5029885736628, 38.395461832333915, 25.464251559287057, 23.39301809381957, 6.960741914199914, 59.13823161352433, 48.2470468342393, 23.63762681013539, 13.99412479923193, 28.824870993071784, 6.024466972347086, 58.82764803230775, 11.0, 50.479339056433375, 40.08405816062137, 11.11058283719838, 50.18403834384153]

Capteur2
0

Capteur3
es grands seigneurs, tout petit prince a des ambassadeurs, tout marquis veut avoir des 
