System
2020-02-12 00:22:55.705617

Capteur1
[41.84878624834301, 3.821860308522838, 49.95960963641507, 24.028981230952276, 28.987105580881465, 25.06648643012042, 14.684933219949158, 48.72459792555955, 62.507488050177706, 26.148794383494995, 8.795558491752965, 28.916676257493734, 9.668376627320438, 16.752965904873207, 23.136515929354985, 68.52806935160189, 29.608733921397544, 54.28144265583614, 1.0, 65.55598547147598, 16.81025541916346, 47.88394816511898, 7.04083298199135, 48.1941241507953, 54.984663284838724, 45.0553129539158, 18.965190114842965, 34.102696526160976, 27.788151837176002, 48.04762749787463, 50.31649568817862, 19.39781806459486, 53.00220312760223, 57.0510818784538, 43.46234943375492, 15.199837883534043, 61.17730723152248, 30.71495463475867, 48.920473363561015, 17.48799988727552, 28.982604618780798, 29.312887357091803, 54.545553137622214, 54.15789152414865, 4.083388333799235, 67.43189602247878, 44.911380652118105, 32.942228752051086, 12.712378779994111, 33.724796271664005, 54.36185570449987, 58.382043100440406, 53.16193188054861, 37.11701624559926, 21.091262094113336, 69.32870281145773, 12.060923577045617, 51.33444519003904, 3.09036842751403, 16.556695288686022, 34.92218963746777, 52.910106852202865, 17.311892267928236, 21.35559933138338, 39.42180762680208, 50.3082293124178, 40.15474184847605, 33.94826244933064, 45.590421716425354, 25.202033543553448, 51.52337222061431, 29.183185512358826, 7.093179450233329, 39.867778575093546, 9.466836896304295, 49.41407489075856, 53.889252221170864, 12.092234249197766, 61.15212576208706, 66.57972805995166, 54.367250331719404, 51.265735658686225, 48.80938451579322, 31.863845272552368, 34.26050889577188, 15.93791418477183, 42.679564263243684, 45.98737864276386, 32.01380199437736, 6.576139256535619, 62.01346148951417, 7.758901891584943, 60.87007221245457, 5.413544594137242, 12.78626338556089, 8.324705532931592, 20.122948503917918, 11.403551751819345, 23.972663296250058, 62.87275662944538]

Capteur2
1

Capteur3
nt, regardez bien, ma sœur, est-ce assez ? dites-moi ; n'y suis-je point encore. nenni. m y voici donc. 
